1,6920459907016,10
1,6920459953815,9
1,6920459954997,12
1,6920459958698,10
1,6920459958674,16
1,6920459953433,7
1,6920459951033,6
1,6920459957639,3
1,6920459992685,12
1,6920459989463,16
1,6920459908501,12
1,6920459905739,20
1,6920459908549,6
1,6920459905104,15
1,6920459992067,4
1,6920459991985,11
1,6920459989371,3
1,6920459989463,8
1,6934024590169,11
1,6934024590466,14
1,6934024590367,11
1,6934024590268,4
1,6902538005141,5
1,6902538005844,4
1,6902538004045,5
1,6902538006100,8
1,6902538004052,6
1,6902538005387,3
1,6921168504022,17
1,6921168504015,11
1,6902827100069,5
1,6902827110204,5
1,6902827090025,9
1,6921168509270,9
1,6921168593545,3
1,8996001303702,32
1,6901845042412,16
1,6919892656407,13
1,6919892656308,1
1,6919892656209,5
1,6919892656100,12
1,6920731763156,16
1,6920731761008,14
1,6919892633606,10
1,6919892633705,29
1,6901668200082,7
1,6970877020088,15
1,6970877020019,8
1,6970877020026,9
1,6925303714857,16
1,6925303793449,10
1,6925303791230,12
1,6925303714840,11
1,6925303714864,7
1,6925303770563,9
1,6925303793159,3
1,6925303793180,4
1,6925303793166,6
1,6920152400371,4
1,6920152429594,13
1,6920152429648,4
1,6920152429617,4
1,6920152429686,2
1,6934364801390,1
1,6934364801123,3
1,6920616313186,15
1,6909995101119,6
1,6909995102093,4
1,6934364800744,20
1,6934364800713,12
1,6922895401219,1
1,6934364800713,2
1,6920459949573,14
1,6920459949559,5
1,6920459949535,10
1,6920459950180,3
1,6920459948392,5
1,6920459905012,16
1,6920459954157,12
1,6920459905166,5
1,6920459998342,2
1,6920459998434,7
1,6920459993798,20
1,6920459951941,17
1,6920459996362,19
1,6920459996508,24
1,6920459998823,2
1,6920459993798,12
1,084501825317,7
1,084501113612,13
1,084501844318,8
1,084501618711,13
1,084501102418,1
1,084501301514,13
1,6903148091029,5
1,6934660555119,14
1,6934660516257,7
1,6903244370912,20
1,6903244370899,14
1,6934660516714,4
1,6934660525228,15
1,6903244371018,17
1,6903244372626,7
0,,5
1,6934660528526,19
1,6922731800770,23
1,6922731800695,10
1,6903244371032,12
1,6934660528618,11
0,,100
0,,20
1,6903244370974,14
1,6934660555119,17
1,6922731800770,18
1,6925733781061,12
1,6927594662077,2
1,6927593190687,15
1,6923749508191,3
1,6934892217328,6
1,6917751430021,35
1,6934892218134,28
1,6934892217144,48
1,6917751470225,29
2,6925894402614,25
0,,7
1,6912003006290,13
1,6907409980008,15
1,6921434125463,1
1,6921434125258,1
1,6921434127597,1
1,6923644266066,3
2,6907992512853,8
1,6901209214295,2
1,6931744232065,2
1,6907992512570,12
1,6907992513560,4
1,6907992513645,4
1,6931744233383,23
1,6931744232997,11
1,6921644315821,4
1,6921644315814,13
1,673367832197,3
1,673367832180,11
1,6927756400073,32
1,6920907802023,2
1,6970691250661,5
1,6970691250647,4
1,6941994600040,5
1,6941994600422,20
1,6941994600316,8
1,6941994600323,1
1,6914782203075,3
1,6914782202429,5
1,6920907801323,4
1,6920907800210,7
1,6920907800944,2
1,6920907800616,5
1,6941994610025,5
1,6925303723910,16
1,6925303754112,15
1,6920459951941,15
1,6920459996362,12
1,6920459905166,30
1,6920459954997,15
1,6920459953815,15
0,,12
1,6920459991985,12
1,6920459992685,30
1,6920459958698,15
1,6920459908549,15
1,6920459998434,30
1,6920459989371,16
1,6920459908501,15
1,6956416203730,15
1,6956416204584,15
1,6925303730574,15
1,6920459953433,30
1,6920459905012,15
1,6920459905104,15
1,6920459989463,31
1,6920459951941,15
1,6920459996362,12
1,6901939651605,48
1,6902827110228,48
1,6902827130240,12
1,6901939651209,72
1,6920459923009,1
1,6920459905739,1
0,,1
1,6920459905388,5
2,6956416200029,12
1,6923644281977,14
1,6923644274344,2
1,6923644251697,1
1,6923644274368,1
1,6923644283261,11
1,6923644274030,4
1,6923644283636,1
1,6923644282486,10
1,6923644274764,4
1,6909493400493,3
1,6923644270018,10
1,6923644282264,15
1,6923644275631,9
1,6923644250751,1
1,6912112800932,47
1,6901715290844,4
1,6901715290967,14
1,6901715290882,13
1,6901715290929,19
1,6925303774202,18
1,6925303779009,26
1,6925303713003,45
1,6905418008232,10
1,084501825317,7
1,084501113612,13
1,084501844318,8
1,084501618711,13
1,084501102418,1
1,084501301514,13
1,6901845042429,6
1,6946050100427,29
1,6946050100106,23
1,6946050100113,5
1,6946050100120,29
1,8000380005932,8
1,4560458560724,3
1,4560458560731,12
1,4560458560717,10
0,,6
1,6919892633200,8
1,6919892641106,14
1,6901668200082,10
1,6911988009784,12
1,6919892321008,13
1,6919892311009,8
1,8801039280027,15
1,6921168593736,1
1,6921168593576,13
1,6921168593552,6
1,6921168593569,8
1,6921168593637,5
1,6921168593606,5
1,6921168593613,6
1,6934024515100,1
1,6934024516206,6
1,6934024550804,5
1,6934024550705,9
1,6902827130233,7
1,6902827130226,4
1,6902827130240,7
1,6902827110228,6
1,6902827140317,5
1,6902827110235,14
0,,6
1,6902827110211,4
1,6902827110013,18
1,6902827110037,20
1,6902827110020,19
1,6956416204584,9
1,6956416203730,7
1,6956416203723,9
2,6938867800010,9
1,6932571080201,4
1,6932571021471,4
2,6901209322501,1
1,6932571040120,2
1,6901209209390,4
1,6921734953728,4
1,6924837050134,7
1,6901687120026,14
1,6921505080127,12
1,6921505080134,6
0,,9
1,6922711043340,3
1,6947283429606,15
1,6922711041834,9
1,6922711027944,13
1,6922711076355,43
1,6922711076348,14
0,,8
1,6947283424564,15
1,6947283424557,10
0,,24
1,6907408866242,72
1,6907401089006,15
0,,108
0,,94
1,21100376,2000
1,6912003033111,21
1,6907402233552,11
1,6925303771973,1
1,6925303770716,9
1,6925303771980,9
1,6920152429686,6
1,6920152429648,11
1,6920152429594,4
1,6920152402177,2
1,6920152422953,2
1,6920152423066,1
1,6925303773106,22
1,6925303793579,6
1,6925303792008,9
1,6920152414040,1
0,,2
1,6925303714086,10
1,6920152435861,11
1,6925303714864,10
1,6931552204841,18
1,6905418008034,4
1,6905418008027,1
1,6905418008010,15
1,6905418008232,12
1,6914782203648,26
1,6912973600368,15
1,6920459958698,8
1,6920459958674,6
1,6920459954997,4
1,6920459953815,3
1,6920459948392,1
1,6920459950128,2
1,6920459950180,3
1,6920459950142,1
1,6920459951545,12
1,6920459951729,21
1,6920459949573,4
1,6920459949559,19
1,6920459949535,14
1,6920459905012,16
1,6920459954157,13
1,6920459998342,1
1,6920459951743,4
1,6920459905166,11
1,6920459908549,4
1,6920459905739,7
1,6920459908501,4
1,6920459905104,6
1,6920459953433,6
1,6920459957639,9
1,6920459993798,8
1,6920459998434,6
1,6920459951941,5
1,6920459996362,10
1,6920459996508,6
1,6920459992067,8
1,6920459991985,5
1,6920459989371,2
2,8718444082675,2
1,8718444082613,4
1,6922646101740,16
1,6922646101726,20
1,6922711073033,58
1,6922711073064,70
1,6922711073057,110
1,6907408866228,36
1,6907408866198,40
1,6921734955067,13
1,6922711027944,78
1,6922711076348,80
1,6901687130087,22
1,2990537060111,26
1,2990537060128,17
1,12070064,800
1,6907408866259,63
0,,136
1,6921505080134,10
1,6921505080127,45
1,6907408866334,23
1,6922711076355,140
0,,258
1,6902293002027,4
1,6902293002034,10
1,6907408866273,8
1,6907408866280,8
0,,510
1,6932835327721,699
1,6921505014146,30
1,6907408866242,450
1,6922711029016,8
1,6922711027951,340
1,6901097408882,7
1,6901092080137,174
1,6901092080113,52
0,,40
1,6932705401780,20
0,,150
0,,850
0,,150
0,,50
1,6922711059259,9
1,6922711093062,10
1,6921734992727,6
1,4902778509104,50
1,4902778509081,110
1,4902778693308,72
1,4902778772904,84
1,4902778721049,36
1,4902778572252,13
1,4902778918531,12
1,4902778918524,24
1,4902778772898,12
1,4902778568149,90
1,4902778572252,72
1,4902778572245,24
1,6917536014088,4
1,6920152494011,4
1,6921555582404,7
1,6925303773915,17
1,6925303710187,9
1,6917536003020,7
1,6920152424025,19
1,6920152424377,3
1,6920152424285,8
1,6917536003013,8
1,6900590001699,22
1,6930426563060,8
1,6939573642093,2
1,6939573668574,5
1,6927594619958,11
1,6932824401029,16
1,6927594675022,3
1,6922711053394,21
1,6922711054018,22
1,6927594619958,26
1,6926292564157,14
1,6926292536352,12
1,6926292515227,30
1,6927594635231,32
1,6939573617114,1
1,6926292596295,7
1,6921225411645,15
1,6926292521013,16
1,6921225471236,9
1,6901092080557,29
1,6926292561354,7
1,6920367273029,29
1,6950123191205,9
1,6933058089557,13
1,6926292517559,13
1,6927594635231,39
1,6927594632070,14
1,6927594612027,7
1,6922711054018,18
0,,15
2,6920458811024,30
1,6935802881233,1
1,6934660528618,13
1,6934660516257,5
0,,75
1,6901092080557,25
1,6926292517559,12
1,6926292561354,4
1,6926292536352,23
1,6921225471236,20
1,6950123191205,42
1,6903244371032,8
1,6927594675022,32
1,6901939621271,72
1,6901939621257,24
1,6901939621608,24
1,4897036691175,72
1,6901939621240,120
1,6901939621202,72
1,6901939621745,48
1,6901939621837,48
1,6901939621820,24
1,6934024550804,15
1,6925303781699,15
1,6901939641279,12
1,6901939641743,24
1,6901939651247,24
1,6901939651773,24
1,6902827110242,12
0,,24
1,6956416200067,24
1,6956416205130,12
1,6956416205147,12
1,6934024512123,24
1,6956416202627,15
1,6956416202634,15
1,6956416205116,24
1,6956416205093,12
1,6956416204843,12
2,6956416200029,12
1,6901939671603,12
1,6902827130233,12
1,6920202866737,24
1,6901939122846,3
0,,67
1,6901424333948,77
1,4891599366808,4
1,6921168500970,3
1,6921168500956,5
1,6921168559244,11
1,6926892524063,2
1,6921168550128,38
1,6921168550111,15
1,6921168550142,3
1,6921168550098,1
1,6921168532001,4
1,6921168532025,10
1,6921168532049,13
1,6921581596055,27
1,6925303781262,15
0,,6
1,6932002040576,49
1,6932002060260,12
1,6907992822747,22
1,6907992822723,11
1,6970438790337,47
1,6907992822709,15
1,6932002060888,10
1,6932002060024,24
1,6931744232621,9
1,6931744233130,9
1,6931744232713,27
1,6931744232454,58
1,6931744233154,30
1,6931744232300,14
1,6931744233260,20
1,6931744233093,1
1,6943250801413,60
0,,2
1,6914068012957,4
2,6904724019734,4
1,6917751470225,40
1,6901236371725,12
1,6922868285716,16
1,6922868284023,11
1,6922266437649,20
1,6922266434020,65
1,6914068005447,17
1,6903244982108,19
1,6914068013343,19
1,6922868282265,9
1,6922868286249,3
2,6903148078884,20
0,,22
0,,37
1,6922266438417,清风湿巾60
1,6934892217144,38
1,6918717102402,77
1,6931818600509,21
1,6918717622009,28
1,6970241460045,150
1,6922266430909,6
1,6901236341292,6
1,6922868221219,48
1,6922868285662,36
1,6922868285730,24
1,6922266435270,24
1,6922266439728,3
1,6922266436277,15
1,6922266438844,3
1,6903148144459,72
1,6925303710187,11
1,6925303710156,34
1,6920152439005,38
1,6920152432402,9
1,6920152460061,3
1,6920152424025,24
1,6920152422991,18
1,6920152424377,11
1,6920152424018,19
1,6901668053527,5
1,6901668053510,23
1,6902227014119,3
1,6911988000309,14
1,6911988000323,3
1,6904682124204,25
1,6904682124013,24
1,6911988009760,12
1,6911988009777,27
1,4892371700124,7
1,4892371700292,3
1,6911988000309,11
1,6926215372890,60
1,6935284455595,450
1,6933123400409,22
1,6952166800465,40
1,6952166800434,25
1,6948004700400,28
1,6952166800472,33
1,6952166800588,8
1,6952166800618,11
1,4897022620301,3
1,4897022620516,2
1,6911316400016,2
1,6911316710016,38
1,6911316400306,39
1,6911316730014,30
1,6924513906175,29
1,6920952767131,30
1,6935490261836,84
1,6935490261843,60
1,6935490261829,84
1,6952166800625,4
1,6942865899563,9
1,6925975432356,15
1,6922623653972,17
1,6942865880394,10
1,6942865887225,15
1,6942865866329,29
1,6936710010685,5
1,6936710021230,4
1,6936710010159,8
1,6942865890126,19
1,6922037027147,31
1,6931818600516,6
1,6931818600509,27
1,6932824403887,11
1,6922623653972,45
1,6927594662077,30
1,6956416203426,15
1,6956416203389,15
1,6956416203549,15
1,6921168593569,15
1,6921168593606,30
1,6921168593613,15
1,4891028705949,48
1,6927216920066,30
1,6927216920011,15
1,6927216920059,15
1,6957735788861,30
1,6902083886417,15
1,6902083891329,30
1,6902827130226,24
1,6902827110211,24
1,6925303733704,15
1,6925303721695,15
1,6920152429594,2
1,6907409988004,4
1,6934571801954,4
1,6932824401920,3
1,6932824401814,3
1,6932824400602,10
1,6932824401173,25
1,6912003033111,8
1,6912003043394,12
1,6912003013366,18
1,6912003003077,23
1,6901092080571,2
1,6901092080533,5
1,6901750113634,2
1,6901750113610,75
1,6907402233552,7
1,6920152424582,2
1,6920152425473,5
1,6920152484012,2
1,6920152442715,7
1,6920152485057,3
1,6920152485071,7
1,6920152422953,9
1,6920152453476,4
1,6920152400777,2
1,6920152400975,2
1,6920152414217,5
1,6921555510124,1
1,6925303773007,4
1,6925303714093,16
1,6925303714086,7
1,6920152414071,7
1,6920152424285,10
1,6921830188031,60
1,6907402233569,18
1,6920326100182,10
1,6934892217328,14
1,6951406508048,19
1,6917751430021,31
1,6932824401654,15
1,6956416205130,5
1,6956416205147,9
1,6956416205093,5
1,6956416200067,14
1,6956416204843,11
0,,4
1,6901939621257,11
1,6901939621837,8
1,4897036691175,21
1,6901939621745,14
1,6901939621820,9
1,6901939621608,15
1,6901939621271,19
1,6901939621202,31
1,6901939621240,19
0,,12
1,6901939651209,15
1,6901939651773,7
1,6901939651230,1
1,6956416204133,11
1,6956416205116,1
2,6901939651315,11
1,6925303722623,15
1,6925303722500,15
1,6912003003077,6
1,6912003006290,2
1,898999000022,60
1,6901209214301,4
1,6931744233383,12
1,6907992504841,13
1,6907992507385,5
0,,5
0,,3
1,6901236341582,4
1,6922266440205,2
1,6914068012957,3
1,6914068019529,2
1,6914068012254,1
1,6922266414145,1
1,6922266439728,3
1,6922266435270,18
1,6922868286249,4
1,6922266436277,10
1,6922868285730,4
1,6922266438844,6
1,6922868285662,12
1,6922868221219,14
1,6922868285716,11
1,6943250801413,6
1,6901236341292,6
0,,6
1,6917536014026,2
1,6958965521310,2
1,6917536014132,3
1,6917536014057,8
1,6921555524886,7
0,,7
1,6917536003013,4
1,6917536003068,3
1,6917536003006,9
1,6917536003044,2
1,6917536003020,3
1,6921555525111,2
1,6920152400371,8
1,6920152484012,12
1,6920152426067,12
1,6922711009643,13
1,6922711041322,6
1,6907408866280,3
1,6922711059259,4
0,,2
1,2990537060111,8
1,2990537060128,6
1,6907408866204,27
1,6922711073033,14
1,6947283424571,13
0,,24
1,6947283432170,20
1,6947283432163,30
1,6907408866334,16
1,6921505014146,21
0,,66
0,,69
0,,25
1,6922711043388,39
1,6907408866228,3
0,,34
0,,8
0,,210
0,,82
1,6912003003077,30
1,6912003043394,24
1,6912003033111,23
1,6921168504022,8
0,,6
1,6921168558032,22
1,6921168558049,11
1,6921168558018,26
1,6921168558025,39
1,6956416204584,9
0,,2
0,,1
1,6917878027333,48
1,6921581596055,15
1,4891599366808,30
1,6920202866737,168
1,6921581540270,三得利15
1,6921168550111,维他命水45
1,6920202888883,12
1,4891599338393,72
1,6902083881085,112
1,6957735788861,109
1,6902083880781,48
1,6902083881559,36
1,6921168593606,9
1,6921168593613,10
1,6921168593576,13
1,6921168593637,8
1,6916196422547,10
0,,15
1,6921168509256,616
1,6921168520015,108
1,6921168593545,16
1,6921168509270,40
1,6921168508242,15
2,6938867800010,12
1,6920459905401,12
2,6901939N641590,168
1,6901939371565,133
1,6918976555599,8
1,6918976333388,17
1,6922255447833,12
1,6922255451427,13
1,6920181555004,152
0,,420
1,6907408866181,100
0,,100
0,,36
1,6907408866327,2148
1,3474377922154,23
3,6907401000032,225
1,6932835325987,52
2,6907401000070,220
1,4901681282920,20
1,6907408866310,53
1,6947503734077,84
1,6947503734060,48
1,6947503702106,156
1,6947503745530,192
1,4902505085680,84
1,4902505085703,12
1,4902505130205,156
1,4902778584354,84
1,4902778914625,48
1,4902778914625,12
1,4902778918531,60
1,4902778918524,72
0,,22
0,,13
1,6917878027333,43
1,6917878028606,8
1,6921581596048,4
1,6921581596055,14
1,6921581540270,5
1,6925303755560,13
1,6921168558025,13
1,6921168558049,11
1,6921168558032,12
1,6921168558018,9
1,6925303784683,6
2,6921581540089,11
0,,18
1,6921168559244,6
1,6921168550128,15
1,6925303721398,30
1,6925303721367,30
1,6925303754952,15
1,6925303730574,15
1,6902827090025,1
1,6901939641255,11
1,6902827100069,5
1,6921168504022,1
1,6901939621257,12
1,6901939621820,26
1,6901939621745,11
1,6901939651209,17
1,6901939621608,8
1,6902827110037,9
1,6925303784683,15
1,6901939621202,5
1,6925303721695,4
1,6956416200067,17
1,6920152493939,6
1,6920152400623,4
1,6920152493991,9
1,6920152400227,11
1,6920152400029,5
1,6917536014019,2
0,,5
1,6921555571866,1
1,6921555571569,1
1,6921555510124,1
1,6920152400371,4
1,6920152424285,3
1,6925303773229,9
1,6920238083023,1
1,6921555522394,2
1,6921555571866,10
1,6921555505434,9
1,6920152400975,2
1,6920152442715,9
1,6932824402316,6
1,6926292562047,7
1,6926292586364,24
1,6926292586227,10
1,6926292586364,100
1,6942865859918,9
1,6928222802155,20
1,6928222802063,21
1,6928222802025,19
1,6927941089052,3
1,6922711072814,11
1,6930320420087,9
1,6942865866329,1
1,6936710010685,5
1,6932824403887,13
1,6922037027147,3
1,6936710010159,11
1,6942865890126,12
1,6942865887225,19
1,6948670200136,8
1,6932824401791,17
0,,8
1,6902227014126,10
1,6901668062086,11
1,6901668004772,8
1,6904682123016,7
1,6904682163203,2
1,6934235600206,10
1,4892371700292,4
2,6942886302134,19
1,6942886302127,20
1,8801039280027,5
1,6935284499995,67
2,6903474488883,330
1,6935490261843,17
1,6935490261836,12
1,6935490261829,9
1,6935490261850,56
1,6924960961185,70
1,6924960961130,60
1,6924960961116,30
1,6923450657638,18
1,6935490261706,29
1,6935490261690,34
1,6935490261713,37
1,6935490261720,25
1,6935490261997,38
1,6935490261973,41
1,6935490261980,39
1,6935490261966,10
1,6935490262475,27
1,6935490262451,25
1,6935490262468,27
1,6935490262444,27
1,6920952762068,18
1,6920952767148,13
1,6920952762099,7
1,6920952762075,11
1,6920952762082,10
1,6920952767131,16
2,6904417100268,22
1,6914973100565,31
1,6914973604070,14
1,69024894,39
1,6914973601017,27
1,6914973100367,17
1,6914973106956,18
1,6914973600164,9
1,5000159440103,6
2,6914973600041,1
1,6914973602359,11
1,9002859055614,5
1,6914973105386,10
1,6914973105379,14
1,6922024730036,12
1,6921168532025,5
1,6921168532001,1
1,6921168532049,2
1,6921581596055,1
1,6921581596048,2
1,6957735788861,4
1,6921168558018,5
1,6921168558049,5
1,6921168558032,7
1,6921168558025,12
1,6921168500970,5
0,,4
1,6921168559244,7
1,6921168593606,6
1,6921168593613,5
1,6921168593637,4
1,6921168593576,6
1,6921168593552,6
1,6921168593736,6
1,6921168593569,7
1,6927216920011,5
1,6921168550111,3
1,6921168550098,3
1,6921168550128,6
1,6921168550142,5
1,6902083886455,5
1,6902083886417,1
1,6921581540270,2
1,6902083896775,5
1,6931744232690,24
1,6931744233093,12
1,6902827130240,8
1,6902827110037,14
1,6902827130233,3
1,6902827110020,9
1,6934024590169,4
0,,7
1,6934024590466,1
1,6934024590268,2
1,6902827110211,3
1,6902827090025,8
1,6902827100069,1
1,6902827100014,6
1,6902827140317,13
1,6902827110242,3
1,6902827110235,4
1,6902827110228,4
1,6934024550804,20
1,6935490262451,14
1,6935490262475,14
0,,12
1,6935490262444,12
1,6935490261720,12
1,6935490261706,9
1,6956416203389,5
1,6956416203426,4
1,6956416203549,6
1,6920181555004,6
1,6917878044729,240
2,6956416200029,1
1,6914068005447,10
1,6918717222117,5
1,6922266430909,13
1,6970241460045,17
1,6943250801413,6
1,6901236341292,11
1,6918717225811,8
1,6914068013343,11
1,6901236371725,12
1,6922868287161,10
0,,3
1,6902088701074,7
1,6970241460014,6
1,6910019006365,7
1,6903148047729,11
1,6903148091463,6
1,6922266438417,20
1,6951957205779,19
1,6951957205762,21
1,6951957205786,36
1,6951957205755,30
1,6935284455595,27
1,6935284455588,67
2,6943730000879,447
1,6917878044729,206
1,6956416202627,1
1,6917878036847,6
1,6925303781262,25
1,6917878030623,20
1,6925303739430,21
1,6925303754112,31
1,6925303733704,18
1,6925303755461,15
1,6925303754884,7
1,6925303754952,17
1,6925303756406,5
1,6925303756352,11
2,6901939651315,18
1,6925303721695,40
1,6917878027333,60
1,6925303721688,7
1,6925303730574,15
1,6920459949573,5
1,6920459949535,果茶物语茉莉花茶3
1,6920459949559,1
1,6920459905012,18
1,6920459954157,8
1,6920459951743,1
1,6920459905166,4
1,6920459998434,10
1,6920459993798,10
1,6920459951941,14
1,6920459905104,3
1,6920459908501,4
1,6920459905739,10
1,6920459908549,1
1,6920459951033,2
1,6920459953433,5
1,6920459989463,5
1,6920459992685,5
1,6920459905388,21
1,6920459905036,17
1,6920459957639,6
1,6925303781262,2
1,6925303783815,6
1,6925303730574,5
1,6925303781699,8
1,6925303784683,4
1,6925303754112,10
1,6925303755560,10
1,6925303756406,4
1,6925303756352,3
0,,11
1,6925303754884,3
1,6925303755461,12
1,6925303721367,22
1,6925303721398,26
1,6925303721695,16
1,6925303733704,9
1,6925303721039,3
1,6925303750275,5
1,6925303723934,1
1,6925303723910,3
1,6902890234135,3
1,6902890221241,1
1,6902890235118,4
1,6902890228325,4
1,6902890228141,7
1,6902890234180,台式烤香肠黄16
1,6902890234302,28
1,6902890228486,16
1,6902890233893,9
1,6902890233916,2
1,6902890233923,15
0,,40
1,6921913320525,11
1,6921913320228,6
0,,7
1,6922711075952,36
1,6922711075969,16
1,6922711075983,6
0,,15
1,6922711072036,5
1,6922711053011,14
1,6922711071015,5
1,6922711076027,18
1,6922711053110,11
0,,48
1,6924199690016,7
1,6922711053349,19
1,6922711053134,7
1,6922711047638,31
1,6922711047683,13
1,6901092080526,10
2,6925019900247,23
1,2990537000094,20
1,2990537000087,65
2,6907401000070,2
0,,85
3,6907401000032,8
0,,66
1,6939573642093,10
1,6935802881103,20
1,6939573617114,5
1,6939573668574,4
1,6932824401814,33
1,6922646101740,3
1,8718444082651,3
2,8718444082675,1
1,6922711093062,2
1,6921734992727,3
1,6921734992710,1
1,6951406508048,11
1,6907401089006,9
1,6902361202090,9
1,6936411601168,5
1,6922711002385,18
1,6922711073064,32
1,6922711073057,47
1,6907408866259,49
1,6922711026688,厚本子16
1,6922711029016,6
1,6921734998361,1
1,6907408866198,76
1,6901092080144,4
1,6922711073057,28
1,6922711073033,45
1,6907408866242,50
1,6922711043388,42
1,6922711027944,12
1,6927216920011,15
1,6927216920059,6
1,6927216920011,7
1,6927216920066,9
1,6921581540065,11
2,6921581540089,1
1,6902083886455,9
1,6902083886417,1
1,6902083891329,5
1,6911988026095,7
1,6911988026101,4
1,6916196422349,1
1,6916196422547,8
1,6916196410414,4
1,6916196423858,6
1,6901295010320,5
1,6926892528085,17
0,,20
1,4891028165279,49
1,4891028167747,34
1,6935490202228,23
1,6935490202211,13
1,6935490202266,7
1,6935490202235,15
1,6935490262185,25
1,6935490262208,22
1,6935490262192,26
1,6935490266022,30
1,6935490266039,7
1,6935490266015,20
1,6928449001232,2
1,6928324588858,12
1,6944978701214,9
1,6923228400183,8
1,6939485921255,14
2,6914973600041,1
2,6914973600010,6
1,6944809288969,28
1,6944809288990,24
2,6934597600111,131
1,6923228405089,33
1,6923228400183,39
1,6935490266053,33
1,6939721400032,31
1,6939721400278,40
1,6932835338833,10
0,,16
1,6924492400886,62
1,4901681502516,28
1,6901092080243,23
1,4711577023106,55
1,6921734968173,46
1,6901092080243,11
1,6932835325987,104
1,6932835319030,78
1,6922255447833,8
1,6920459905388,15
1,6921168511280,9
1,6917878028606,雀巢咖啡意式浓醇3
1,6917878027333,17
1,6956416202634,3
1,6902538005387,3
1,6902538005141,6
1,6902538004052,3
1,6902538004045,2
1,6902538005844,3
1,6902538006100,8
1,6920181525014,5
1,6921168504022,8
1,6921168504015,6
1,6920202888883,10
1,4891599338393,13
1,6920202866737,14
1,6901424333948,7
1,6921581540065,6
1,6921168593002,1
1,6930114307020,20
1,6930114307136,31
1,4891338002974,50
1,6930114307235,2
1,6920354809200,48
1,6930114307235,11
1,6920354800399,13
1,6901177235100,63
1,4891338010559,21
1,6901070600159,20
1,4891338012577,1
1,6903148036143,55
1,6903148094419,18
1,6903148094426,20
1,6903148017241,12
1,6920354802331,72
1,6920354808289,2
1,6903148017265,21
1,6903148045183,17
1,6903148054383,25
1,6903148145999,41
1,6901668005922,9
1,6901668005915,24
1,6901668005731,6
1,6901668005892,5
1,6926215372890,19
1,6946050104746,4
1,8000380005949,8
1,6933123400171,1
1,8801039280027,6
1,4711162821520,12
1,4711162821575,6
1,4711162821797,5
1,6951957205755,49
1,6951957205786,28
1,6951957205779,68
1,6928324588858,30
1,6941872700046,98
1,6928449001232,43
1,6928324500027,9
1,6927301200486,500
1,6920459951545,190
1,6920181555004,24
1,6921168520015,24
2,6901939N641590,5
1,6918976333388,16
1,6918976555599,1・
1,6957735788861,8
1,898999000022,4
1,6903148044971,16
1,6903148045053,1
1,6903148045183,14
1,6903148045091,13
1,6903148045015,11
1,6901294174115,4
1,6903148170861,1
1,6920999701730,6
1,6903148079881,6
1,6902088113730,32
1,6903148091463,14
1,6903148048979,19
1,6903148048788,48
1,6902088311174,9
1,6902088310825,16
1,6903148047774,17
1,6903148047804,23
1,6903148047842,23
1,6903148047729,14
1,6910019006365,11
1,6903148145999,33
1,6903148144442,47
1,6903148144459,11
1,6903148144541,27
1,6903148145593,33
1,6910019009878,22
0,,20
1,6901894121670,12
1,6905339700840,2
1,6920354800399,24
1,6918717102402,3
1,6914068005447,11
1,6901586102468,8
1,6922868282265,8
1,6922266437649,13
1,6922868284283,34
1,6922266438417,13
1,6922868284023,10
1,6922266437632,3
1,6903244982108,9
0,,11
1,6922266434020,10
1,6910019006518,122
1,6903148141212,24
1,6902022130861,5
2,6903148078884,17
1,6902538005141,43
1,6921168550142,15
1,6956416203730,26
1,6925303730574,15
1,6956416203723,6
1,6902538004045,32
1,6921581540065,15
1,6934024590466,30
1,6921168504022,9
1,6902538006100,11
1,6902538004052,15
1,6902538005844,15
1,6902538005387,15
1,6914973200685,8
0,,13
1,6921804700788,7
1,6921804700757,12
1,6970877020019,14
1,6970877020026,12
1,6970877020088,10
1,6970877020101,7
1,6927301200486,11
1,6939721400278,8
1,6935284455595,1
1,6928324508573,28
1,6941872700046,22
1,6928324508559,17
0,,32
1,6928449001232,9
1,6923228400824,60
1,6939485921255,23
1,6935490266039,8
1,6935490202228,35
1,6935490202266,33
1,6935490202235,22
1,6935490202211,28
1,6932571040120,3
1,6932571040021,8
1,6932571040007,21
1,6932571040069,13
1,6932571040168,10
1,6932571080201,6
1,6932571080195,8
1,6932571026018,6
1,6932571061293,16
1,6932571061057,4
1,6932571021471,34
1,6932571021679,2
1,6932571021693,9
1,6932571040106,12
1,6932571031111,3
1,6932571031289,4
1,6932571031241,15
1,6901209206146,2
1,6901209208867,8
1,6901209213830,12
1,6931744233154,32
1,6901092080243,20
1,6921734968173,20
1,6924492400886,34
0,,84
1,6932835325987,25
1,6901092080304,5
1,6928311011307,23
1,6928311011314,60
1,6928311011321,68
1,9556089716819,223
2,6907401000063,22
3,6907401000032,11
1,4901681695515,19
1,6914559821426,9
1,6914559821419,12
1,6914559821457,16
1,6902293002027,5
1,6902293002324,8
1,6902293002034,7
1,6902293002034,1
1,6902293002331,4
1,6902097040669,15
1,6902097011607,26
1,6921913320525,23
1,6921913320228,36
1,6932705401780,8
1,6922711071015,14
1,12070067,36
1,12070068,108
1,12070065,3
0,,40
1,6921734992727,20
1,6921734992710,24
1,6922255451427,1
1,6920181525014,4
1,6920181568868,13
1,6921168508242,11
1,6921168509256,17
0,,6
2,6901939N641590,10
1,6920459905036,14
1,6921168511280,1
0,,9
1,6918976333388,17
1,6920459905388,17
1,6920181555004,21
1,6901939371565,30
1,6922255447833,25
1,6920459951545,11
1,6920459905036,34
1,6920459905401,3
1,6921168520015,2
1,6918976150022,11
1,6917536014132,2
0,,2
1,6920152444214,1
1,6917536014156,2
1,6920152493939,2
1,6925303770563,1
1,6921734977380,4
1,7335863030042,21
1,7335863020074,67
1,6921734977373,4
1,6921734990624,15
1,6921734990648,30
1,6921734990600,35
1,6907401089181,9
0,,5
1,6923828896058,12
1,4901991704419,10
1,6922711072128,4
1,6922711082127,21
1,6939201995027,15
1,6907402080293,5
1,6932705401780,3
2,6909493400530,2
2,6907401000070,107
1,4902778914625,16
1,4902778584286,32
0,,20
1,6922711056654,6
1,6922711056647,31
0,,9
1,6932705401780,11
1,12070072,46
1,12070071,20
1,12070073,37
2,12070074,59
1,12070076,69
1,12070075,14
1,12070065,19
1,12070068,72
1,12070066,13
1,12070069,53
1,12070070,13
1,6920242104189,25
1,6914782203327,7
1,6923659320913,6
1,6923659320869,6
1,6909409012017,4
1,6958965509028,9
1,6958965509011,8
1,4710199037010,12
1,4710199080566,12
1,4710199109977,3
1,4710199080597,11
1,4710199086506,13
1,4710199087701,9
1,4710199109205,7
1,6921482336019,21
1,6924187851184,25
1,6920300700094,16
1,6936772710219,8
1,6905558660024,3
1,6951214303057,18
2,6925894402614,3
1,6925894402102,6
1,6925894402324,2
1,6926265355126,14
1,6958965509042,9
0,,5
1,6931552204711,2
1,6925894402027,17
1,6920300700070,10
1,6958620700036,10
1,6920907808575,6
1,6920907808537,7
1,6909409040775,6
1,6909409012819,10
1,6909409012802,4
1,6909409012048,7
1,6926265301918,6
2,6925894402614,27
1,6920907809886,6
1,4713507006050,3
1,4713507007118,1
1,6924743915121,9
1,6924743919280,3
1,6920907808575,11
1,6924743918658,4
1,6909409012093,5
1,6909409012024,3
1,6909409012048,5
0,,1
1,6924743915824,7
1,6924743915848,33
1,6924743915763,8
1,6924743915817,17
1,6924743915770,10
1,6920907809862,5
1,6924743919228,4
1,6924743919242,5
1,6924743919235,8
1,6924743915121,13
1,6924743915428,2
1,6924743915084,15
1,6924743915060,12
1,6924743919211,2
1,6924743919280,2
1,6920907808537,10
1,6924743918658,10
1,6924743918610,11
0,,10
1,6924743919228,11
1,6924743915121,70
1,6924743915060,70
1,6924743915084,27
1,4891028164456,72
1,6956416203389,15
1,6926892568081,24
1,6956416204638,2
1,6956416203730,5
1,6921168593606,3
1,6921168593637,1
1,6921168593569,9
1,6925303756246,3
1,6925303722500,22
1,6925303722623,27
1,6925303783273,1
0,,27
1,6925303730574,15
1,6925303784683,23
1,6925303721398,46
1,6925303721404,11
1,6925303721367,14
1,6925303754952,13
1,6925303750275,15
1,6923555212749,9
1,6901347880017,19
1,6957735788861,15
1,6902083881085,2
1,6923555210479,9
1,6923555210462,8
1,6923555210455,6
1,6902083896775,5
1,6902083880781,4
1,6921317600261,6
1,6924254675149,8
1,6924254674456,14
1,6926892566087,2
1,6926892516082,27
0,,17
1,6902083881559,22
1,6926892568081,12
1,6926892501033,3
1,6926892565080,23
1,6926892527088,20
1,6916196410414,6
1,6901668053510,21
1,6901668053527,14
1,6923807030268,3
1,6923807030251,3
1,6933123400409,7
1,6933123400393,7
1,6970877020033,13
1,4711162821797,18
2,6914973600010,34
1,6939721400032,22
1,6928324500027,19
1,6944978701214,16
1,6935284455588,500
1,6928324508559,9
1,6901668005922,12
2,6914973600041,39
1,6935284412918,46
1,6917246003846,13
1,6917246003808,10
2,6917246208913,5
2,6917246208920,9
1,6920193232610,56
1,6901826888138,110
1,6901826888244,32
1,6920193252618,41
1,6920549774016,98
1,6920549754018,134
1,6934389100010,118
1,6914973200685,1
1,6914973602908,3
1,6917878044729,27
1,21100376,2736
0,,9
1,6916999215513,1053
1,6901092080069,25
1,05040028,10
1,6970241460038,7
1,6922354806166,155
1,6901295010320,5
1,6923450656150,18
1,6901845010169,8
1,6901845041231,17
1,6901845010176,21
0,,17
1,6921482336019,8
1,6923450657638,18
1,6920952767148,6
1,6920952762099,17
1,6920952762082,30
1,6920952762068,30
1,6928362100388,2
1,6924187821989,5
1,6924187824959,6
1,6926832402918,17
1,6924187851160,20
1,6924187851184,4
1,6970809690358,2
1,6936003512230,2
1,6924187828544,19
1,6920658215738,46
1,6926475203392,31
1,6920658215721,1
1,6926475200995,15
1,6918894564284,8
1,6918894564369,8
1,6918894564277,10
1,6918894564208,6
1,6930044164977,5
1,6938803940060,6
1,6925861557071,6
1,6925894402966,28
1,6925894402805,24
1,6936772710219,18
1,6950384900011,7
1,4710199109205,15
1,6920658261636,3
1,6926475202449,1
1,6926475204344,11
1,6924187821989,12
1,6921482336019,11
1,6914782203327,7
1,6920952762075,37
1,6935490261850,4
1,6935490261836,4
1,6924960961130,7
1,6935490261843,4
1,6924960961185,3
1,6924960961116,3
1,4901681695515,21
3,6907401000032,76
1,6947503728977,5
1,3474377922154,14
1,6947503745530,3
1,4901991578379,69
1,6927833133757,346
1,6926588014175,104
1,4716493862327,18
1,6907408866327,86
1,6907408866310,72
1,6947503734077,21
1,6947503734060,19
1,6947503702106,12
1,6950133348743,59
1,4902778509081,17
1,4902778509104,25
1,4902778918524,18
1,4902778572252,20
0,,1
1,4902778693308,7
1,4902778772898,8
1,4902778772904,30
1,4901681282920,33
1,4901681118724,19
1,4901681118717,1
1,4901681208524,1
0,,7
1,12070067,288
1,12070068,156
1,6901092080472,24
1,6901092080663,12
1,12070072,24
1,12070071,12
1,12070069,144
1,12070066,24
1,12070067,72
1,6922711072128,9
1,7335863020074,24
1,7335863030042,24
1,6922711082127,11
1,6901092080304,25
1,6901092080113,2
1,6901092080137,29
1,6901097408882,7
1,4901681695515,34
1,3474377922154,20
1,4902778918531,15
1,4902505085680,18
1,4902505085703,24
1,4902505130205,12
1,4902505130212,20
1,4901681118724,7
1,6901092080472,11
1,6901092080663,9
1,6901092080489,15
1,12070071,12
2,12070074,48
1,12070075,80
1,12070070,120
1,12070076,120
1,12070065,24
1,4901991704419,20
1,6925303792770,4
1,6925303791902,2
1,6914973106956,1
1,6920152424018,1
1,6925303773229,3
1,6935284499995,1
1,6901939651605,2
1,6921168520015,1
1,6921168593620,1
1,6921168558018,2
1,6921168593569,1
1,6957735788861,1
1,6917878030623,1
2,6940446200036,1
1,6928449001232,1
1,6927216920011,3
1,6927216920059,1
1,6917878028606,19
1,4891599338393,1
0,,31
1,6940446200876,1
0,,4
0,,1
1,6925894402324,1
1,6927301200486,1
1,6901939621837,8
1,6901939621820,6
1,6901939621745,10
1,6901939621240,15
1,6901939621608,19
1,4897036691175,14
1,6901939621257,15
1,6901939621202,13
1,6901939671207,4
1,6901939671603,4
2,6956416200029,3
1,6901939641743,7
2,6901939651315,15
1,6956416203549,22
1,6956416204829,2
1,6956416204133,3
1,6956416204843,15
1,6956416205147,2
0,,6
1,6956416205116,3
1,6956416205093,7
1,6956416200067,10
1,6901939641255,3
1,6901939641279,5
1,6901939651209,9
0,,7
1,6901939651230,6
1,6901939651773,8
1,6901939621271,12
1,6901939621257,15
1,6925303783815,59
1,6925303723910,10
1,6925303723934,10
1,6917878036847,8
,,0
,,0
,,
